NAME	IDX	IDY	OFFSETX	OFFSETY	FRAMEX	FRAMEY	TYPE	KIND	TYPENAME	OBJECTKIND	MONPROPERTIES
울드	31	11	64.000000	57.000000	0	0	7	0	class Actor *	1	2
울드	27	12	64.000000	57.000000	0	0	7	0	class Actor *	1	2
울드	25	14	64.000000	57.000000	0	0	7	0	class Actor *	1	2
울드	20	14	64.000000	57.000000	0	0	7	0	class Actor *	1	2
울드	49	6	64.000000	57.000000	0	0	7	0	class Actor *	1	2
울드	47	15	64.000000	57.000000	0	0	7	0	class Actor *	1	2
울드	31	25	64.000000	57.000000	0	0	7	0	class Actor *	1	2
울드	9	22	64.000000	57.000000	0	0	7	0	class Actor *	1	2
베르단디	8	37	64.000000	57.000000	0	0	7	0	class Actor *	1	0
베르단디	17	35	64.000000	57.000000	0	0	7	0	class Actor *	1	0
베르단디	13	38	64.000000	57.000000	0	0	7	0	class Actor *	1	0
베르단디	12	46	64.000000	57.000000	0	0	7	0	class Actor *	1	0
베르단디	17	45	64.000000	57.000000	0	0	7	0	class Actor *	1	0
베르단디	19	42	64.000000	57.000000	0	0	7	0	class Actor *	1	0
베르단디	19	41	64.000000	57.000000	0	0	7	0	class Actor *	1	0
베르단디	26	43	64.000000	57.000000	0	0	7	0	class Actor *	1	0
호노사메	8	40	64.000000	57.000000	2	0	6	0	class Actor *	1	2
호노사메	6	34	64.000000	57.000000	3	0	6	0	class Actor *	1	2
호노사메	8	31	64.000000	57.000000	3	0	6	0	class Actor *	1	2
호노사메	5	51	64.000000	57.000000	0	0	6	0	class Actor *	1	2
호노사메	4	56	64.000000	57.000000	2	0	6	0	class Actor *	1	2
호노사메	12	51	64.000000	57.000000	3	0	6	0	class Actor *	1	2
호노사메	20	55	64.000000	57.000000	1	0	6	0	class Actor *	1	2
호노사메	24	59	64.000000	57.000000	3	0	6	0	class Actor *	1	2
호노사메	37	58	64.000000	57.000000	1	0	6	0	class Actor *	1	2
호노사메	43	57	64.000000	57.000000	3	0	6	0	class Actor *	1	2
호노사메	54	59	64.000000	57.000000	0	0	6	0	class Actor *	1	2
호노사메	61	57	64.000000	57.000000	2	0	6	0	class Actor *	1	2
호노사메	60	40	64.000000	57.000000	0	0	6	0	class Actor *	1	2
호노사메	52	44	64.000000	57.000000	2	0	6	0	class Actor *	1	2
호노사메	49	35	64.000000	57.000000	1	0	6	0	class Actor *	1	2
호노사메	53	27	64.000000	57.000000	3	0	6	0	class Actor *	1	2
하고일	46	24	64.000000	57.000000	4	0	5	0	class Actor *	1	2
하고일	45	19	64.000000	57.000000	2	0	5	0	class Actor *	1	2
하고일	56	15	64.000000	57.000000	3	0	5	0	class Actor *	1	2
하고일	56	21	64.000000	57.000000	1	0	5	0	class Actor *	1	2
하고일	51	15	64.000000	57.000000	5	0	5	0	class Actor *	1	2
하고일	57	6	64.000000	57.000000	5	0	5	0	class Actor *	1	2
하고일	16	19	64.000000	57.000000	0	0	5	0	class Actor *	1	2
하고일	11	21	64.000000	57.000000	1	0	5	0	class Actor *	1	2
하고일	2	22	64.000000	57.000000	2	0	5	0	class Actor *	1	2
하고일	29	31	64.000000	57.000000	3	0	5	0	class Actor *	1	2
하고일	25	37	64.000000	57.000000	3	0	5	0	class Actor *	1	2
하고일	27	51	64.000000	57.000000	3	0	5	0	class Actor *	1	2
하고일	6	59	64.000000	57.000000	2	0	5	0	class Actor *	1	2
화로로	5	46	64.000000	57.000000	0	0	4	0	class Actor *	1	2
화로로	15	42	64.000000	57.000000	0	0	4	0	class Actor *	1	2
화로로	22	42	64.000000	57.000000	0	0	4	0	class Actor *	1	2
화로로	32	41	64.000000	57.000000	0	0	4	0	class Actor *	1	2
화로로	39	46	64.000000	57.000000	0	0	4	0	class Actor *	1	2
화로로	46	48	64.000000	57.000000	0	0	4	0	class Actor *	1	2
화로로	45	39	64.000000	57.000000	0	0	4	0	class Actor *	1	2
화로로	35	32	64.000000	57.000000	0	0	4	0	class Actor *	1	2
가웨인	42	28	64.000000	57.000000	0	0	10	0	class Actor *	1	2
가웨인	33	27	64.000000	57.000000	3	0	10	0	class Actor *	1	2
가웨인	24	25	64.000000	57.000000	4	0	10	0	class Actor *	1	2
가웨인	17	23	64.000000	57.000000	4	0	10	0	class Actor *	1	2
가웨인	7	24	64.000000	57.000000	2	0	10	0	class Actor *	1	2
가웨인	2	29	64.000000	57.000000	2	0	10	0	class Actor *	1	2
가웨인	9	50	64.000000	57.000000	4	0	10	0	class Actor *	1	2
가웨인	58	48	64.000000	57.000000	0	0	10	0	class Actor *	1	2
가웨인	48	47	64.000000	57.000000	0	0	10	0	class Actor *	1	2
가웨인	40	50	64.000000	57.000000	3	0	10	0	class Actor *	1	2
가웨인	38	38	64.000000	57.000000	3	0	10	0	class Actor *	1	2
호로움	29	34	64.000000	57.000000	3	0	11	0	class Actor *	1	2
호로움	30	37	64.000000	57.000000	0	0	11	0	class Actor *	1	2
호로움	35	36	64.000000	57.000000	3	0	11	0	class Actor *	1	2
호로움	41	33	64.000000	57.000000	1	0	11	0	class Actor *	1	2
호로움	53	33	64.000000	57.000000	0	0	11	0	class Actor *	1	2
호로움	58	35	64.000000	57.000000	2	0	11	0	class Actor *	1	2
호로움	60	21	64.000000	57.000000	1	0	11	0	class Actor *	1	2
호로움	60	15	64.000000	57.000000	1	0	11	0	class Actor *	1	2
호로움	59	10	64.000000	57.000000	0	0	11	0	class Actor *	1	2
호로움	54	10	64.000000	57.000000	3	0	11	0	class Actor *	1	2
호로움	49	9	64.000000	57.000000	0	0	11	0	class Actor *	1	2
호로움	41	5	64.000000	57.000000	0	0	11	0	class Actor *	1	2
아카곤	23	14	64.000000	57.000000	0	0	8	0	class Actor *	1	2
아카곤	31	13	64.000000	57.000000	0	0	8	0	class Actor *	1	2
아카곤	28	18	64.000000	57.000000	0	0	8	0	class Actor *	1	2
아카곤	13	18	64.000000	57.000000	0	0	8	0	class Actor *	1	2
아카곤	3	21	64.000000	57.000000	0	0	8	0	class Actor *	1	2
아카곤	22	28	64.000000	57.000000	0	0	8	0	class Actor *	1	2
아카곤	32	27	64.000000	57.000000	0	0	8	0	class Actor *	1	2
아카곤	40	18	64.000000	57.000000	0	0	8	0	class Actor *	1	2
아카곤	42	15	64.000000	57.000000	0	0	8	0	class Actor *	1	2
플러웜	48	17	64.000000	57.000000	0	0	9	0	class Actor *	1	2
플러웜	52	22	64.000000	57.000000	1	0	9	0	class Actor *	1	2
플러웜	50	26	64.000000	57.000000	5	0	9	0	class Actor *	1	2
플러웜	48	30	64.000000	57.000000	3	0	9	0	class Actor *	1	2
플러웜	44	36	64.000000	57.000000	4	0	9	0	class Actor *	1	2
플러웜	44	49	64.000000	57.000000	3	0	9	0	class Actor *	1	2
플러웜	30	46	64.000000	57.000000	4	0	9	0	class Actor *	1	2
플러웜	19	49	64.000000	57.000000	2	0	9	0	class Actor *	1	2
플러웜	9	42	64.000000	57.000000	2	0	9	0	class Actor *	1	2
하르칸	10	58	64.000000	57.000000	3	0	12	0	class Actor *	1	2
하르칸	12	55	64.000000	57.000000	4	0	12	0	class Actor *	1	2
하르칸	2	37	64.000000	57.000000	3	0	12	0	class Actor *	1	2
하르칸	3	24	64.000000	57.000000	1	0	12	0	class Actor *	1	2
하르칸	14	26	64.000000	57.000000	4	0	12	0	class Actor *	1	2
하르칸	20	23	64.000000	57.000000	0	0	12	0	class Actor *	1	2
하르칸	45	30	64.000000	57.000000	4	0	12	0	class Actor *	1	2
하르칸	48	39	64.000000	57.000000	2	0	12	0	class Actor *	1	2
하르칸	44	42	64.000000	57.000000	1	0	12	0	class Actor *	1	2
하르칸	58	57	64.000000	57.000000	0	0	12	0	class Actor *	1	2
하르칸	45	5	64.000000	57.000000	3	0	12	0	class Actor *	1	2
하르칸	34	6	64.000000	57.000000	0	0	12	0	class Actor *	1	2
하르칸	59	26	64.000000	57.000000	4	0	12	0	class Actor *	1	2
하르칸	11	30	64.000000	57.000000	1	0	12	0	class Actor *	1	2
하르칸	2	46	64.000000	57.000000	0	0	12	0	class Actor *	1	2
하르칸	2	61	64.000000	57.000000	0	0	12	0	class Actor *	1	2
하티	3	59	64.000000	57.000000	0	0	2	0	class Actor *	1	2
하티	2	49	64.000000	57.000000	0	0	2	0	class Actor *	1	2
하티	16	51	64.000000	57.000000	0	0	2	0	class Actor *	1	2
하티	12	33	64.000000	57.000000	0	0	2	0	class Actor *	1	2
하티	10	26	64.000000	57.000000	0	0	2	0	class Actor *	1	2
하티	19	30	64.000000	57.000000	0	0	2	0	class Actor *	1	2
하티	32	31	64.000000	57.000000	0	0	2	0	class Actor *	1	2
하티	38	52	64.000000	57.000000	0	0	2	0	class Actor *	1	2
하티	30	57	64.000000	57.000000	0	0	2	0	class Actor *	1	2
하티	51	5	64.000000	57.000000	0	0	2	0	class Actor *	1	2
하티	42	11	64.000000	57.000000	0	0	2	0	class Actor *	1	2
하티	57	29	64.000000	57.000000	0	0	2	0	class Actor *	1	2
하티	51	48	64.000000	57.000000	0	0	2	0	class Actor *	1	2
Tree_Needeled_Low	20	33	64.000000	57.000000	2	0	2	1	class Matter *	1
Tree_Needeled_Low	23	32	64.000000	57.000000	2	0	2	1	class Matter *	1
Tree_Needeled_Low	21	46	64.000000	57.000000	2	0	2	1	class Matter *	1
Tree_Needeled_Low	33	52	64.000000	57.000000	2	0	2	1	class Matter *	1
Tree_Needeled_Low	36	47	64.000000	57.000000	2	0	2	1	class Matter *	1
Tree_Needeled_Low	38	42	64.000000	57.000000	2	0	2	1	class Matter *	1
Tree_Needeled_Low	5	42	64.000000	57.000000	2	0	2	1	class Matter *	1
Tree_Needeled_Low	13	55	64.000000	57.000000	2	0	2	1	class Matter *	1
Tree_Needeled_Low	10	61	64.000000	57.000000	2	0	2	1	class Matter *	1
Tree_Needeled_Low	15	59	64.000000	57.000000	2	0	2	1	class Matter *	1
Tree_Needeled_Low	46	62	64.000000	57.000000	2	0	2	1	class Matter *	1
Tree_Needeled_Low	49	56	64.000000	57.000000	2	0	2	1	class Matter *	1
Tree_Needeled_Low	54	51	64.000000	57.000000	2	0	2	1	class Matter *	1
Tree_Needeled_Low	56	41	64.000000	57.000000	2	0	2	1	class Matter *	1
/